   1  0 [0, 0, 0, 0, 0, 0]                  ('addi', 3, 16, 3)   [0, 0, 0, 16, 0, 0]
   2 17 [0, 0, 0, 17, 0, 0]                 ('addi', 1, 2, 1)    [0, 2, 0, 17, 0, 0]
   3 18 [0, 2, 0, 18, 0, 0]                 ('mulr', 1, 1, 1)    [0, 4, 0, 18, 0, 0]
   4 19 [0, 4, 0, 19, 0, 0]                 ('mulr', 3, 1, 1)    [0, 76, 0, 19, 0, 0]
   5 20 [0, 76, 0, 20, 0, 0]                ('muli', 1, 11, 1)   [0, 836, 0, 20, 0, 0]
   6 21 [0, 836, 0, 21, 0, 0]               ('addi', 2, 4, 2)    [0, 836, 4, 21, 0, 0]
   7 22 [0, 836, 4, 22, 0, 0]               ('mulr', 2, 3, 2)    [0, 836, 88, 22, 0, 0]
   8 23 [0, 836, 88, 23, 0, 0]              ('addi', 2, 19, 2)   [0, 836, 107, 23, 0, 0]
   9 24 [0, 836, 107, 24, 0, 0]             ('addr', 1, 2, 1)    [0, 943, 107, 24, 0, 0]
  10 25 [0, 943, 107, 25, 0, 0]             ('addr', 3, 0, 3)    [0, 943, 107, 25, 0, 0]
  11 26 [0, 943, 107, 26, 0, 0]             ('seti', 0, 7, 3)    [0, 943, 107, 0, 0, 0]
  12  1 [0, 943, 107, 1, 0, 0]              ('seti', 1, 8, 5)    [0, 943, 107, 1, 0, 1]
  13  2 [0, 943, 107, 2, 0, 1]              ('seti', 1, 0, 4)    [0, 943, 107, 2, 1, 1]
  14  3 [0, 943, 107, 3, 1, 1]              ('mulr', 5, 4, 2)    [0, 943, 1, 3, 1, 1]
  15  4 [0, 943, 1, 4, 1, 1]                ('eqrr', 2, 1, 2)    [0, 943, 0, 4, 1, 1]
  16  5 [0, 943, 0, 5, 1, 1]                ('addr', 2, 3, 3)    [0, 943, 0, 5, 1, 1]
  17  6 [0, 943, 0, 6, 1, 1]                ('addi', 3, 1, 3)    [0, 943, 0, 7, 1, 1]
  18  8 [0, 943, 0, 8, 1, 1]                ('addi', 4, 1, 4)    [0, 943, 0, 8, 2, 1]
  19  9 [0, 943, 0, 9, 2, 1]                ('gtrr', 4, 1, 2)    [0, 943, 0, 9, 2, 1]
  20 10 [0, 943, 0, 10, 2, 1]               ('addr', 3, 2, 3)    [0, 943, 0, 10, 2, 1]
  21 11 [0, 943, 0, 11, 2, 1]               ('seti', 2, 3, 3)    [0, 943, 0, 2, 2, 1]
  22  3 [0, 943, 0, 3, 2, 1]                ('mulr', 5, 4, 2)    [0, 943, 2, 3, 2, 1]
  23  4 [0, 943, 2, 4, 2, 1]                ('eqrr', 2, 1, 2)    [0, 943, 0, 4, 2, 1]
  24  5 [0, 943, 0, 5, 2, 1]                ('addr', 2, 3, 3)    [0, 943, 0, 5, 2, 1]
  25  6 [0, 943, 0, 6, 2, 1]                ('addi', 3, 1, 3)    [0, 943, 0, 7, 2, 1]
  26  8 [0, 943, 0, 8, 2, 1]                ('addi', 4, 1, 4)    [0, 943, 0, 8, 3, 1]
  27  9 [0, 943, 0, 9, 3, 1]                ('gtrr', 4, 1, 2)    [0, 943, 0, 9, 3, 1]
  28 10 [0, 943, 0, 10, 3, 1]               ('addr', 3, 2, 3)    [0, 943, 0, 10, 3, 1]
  29 11 [0, 943, 0, 11, 3, 1]               ('seti', 2, 3, 3)    [0, 943, 0, 2, 3, 1]
  30  3 [0, 943, 0, 3, 3, 1]                ('mulr', 5, 4, 2)    [0, 943, 3, 3, 3, 1]
  31  4 [0, 943, 3, 4, 3, 1]                ('eqrr', 2, 1, 2)    [0, 943, 0, 4, 3, 1]
  32  5 [0, 943, 0, 5, 3, 1]                ('addr', 2, 3, 3)    [0, 943, 0, 5, 3, 1]
  33  6 [0, 943, 0, 6, 3, 1]                ('addi', 3, 1, 3)    [0, 943, 0, 7, 3, 1]
  34  8 [0, 943, 0, 8, 3, 1]                ('addi', 4, 1, 4)    [0, 943, 0, 8, 4, 1]
  35  9 [0, 943, 0, 9, 4, 1]                ('gtrr', 4, 1, 2)    [0, 943, 0, 9, 4, 1]
  36 10 [0, 943, 0, 10, 4, 1]               ('addr', 3, 2, 3)    [0, 943, 0, 10, 4, 1]
  37 11 [0, 943, 0, 11, 4, 1]               ('seti', 2, 3, 3)    [0, 943, 0, 2, 4, 1]
  38  3 [0, 943, 0, 3, 4, 1]                ('mulr', 5, 4, 2)    [0, 943, 4, 3, 4, 1]
  39  4 [0, 943, 4, 4, 4, 1]                ('eqrr', 2, 1, 2)    [0, 943, 0, 4, 4, 1]
  40  5 [0, 943, 0, 5, 4, 1]                ('addr', 2, 3, 3)    [0, 943, 0, 5, 4, 1]
  41  6 [0, 943, 0, 6, 4, 1]                ('addi', 3, 1, 3)    [0, 943, 0, 7, 4, 1]
  42  8 [0, 943, 0, 8, 4, 1]                ('addi', 4, 1, 4)    [0, 943, 0, 8, 5, 1]
  43  9 [0, 943, 0, 9, 5, 1]                ('gtrr', 4, 1, 2)    [0, 943, 0, 9, 5, 1]
  44 10 [0, 943, 0, 10, 5, 1]               ('addr', 3, 2, 3)    [0, 943, 0, 10, 5, 1]
  45 11 [0, 943, 0, 11, 5, 1]               ('seti', 2, 3, 3)    [0, 943, 0, 2, 5, 1]
  46  3 [0, 943, 0, 3, 5, 1]                ('mulr', 5, 4, 2)    [0, 943, 5, 3, 5, 1]
  47  4 [0, 943, 5, 4, 5, 1]                ('eqrr', 2, 1, 2)    [0, 943, 0, 4, 5, 1]
  48  5 [0, 943, 0, 5, 5, 1]                ('addr', 2, 3, 3)    [0, 943, 0, 5, 5, 1]
  49  6 [0, 943, 0, 6, 5, 1]                ('addi', 3, 1, 3)    [0, 943, 0, 7, 5, 1]
  50  8 [0, 943, 0, 8, 5, 1]                ('addi', 4, 1, 4)    [0, 943, 0, 8, 6, 1]
  51  9 [0, 943, 0, 9, 6, 1]                ('gtrr', 4, 1, 2)    [0, 943, 0, 9, 6, 1]
  52 10 [0, 943, 0, 10, 6, 1]               ('addr', 3, 2, 3)    [0, 943, 0, 10, 6, 1]
  53 11 [0, 943, 0, 11, 6, 1]               ('seti', 2, 3, 3)    [0, 943, 0, 2, 6, 1]
  54  3 [0, 943, 0, 3, 6, 1]                ('mulr', 5, 4, 2)    [0, 943, 6, 3, 6, 1]
  55  4 [0, 943, 6, 4, 6, 1]                ('eqrr', 2, 1, 2)    [0, 943, 0, 4, 6, 1]
  56  5 [0, 943, 0, 5, 6, 1]                ('addr', 2, 3, 3)    [0, 943, 0, 5, 6, 1]
  57  6 [0, 943, 0, 6, 6, 1]                ('addi', 3, 1, 3)    [0, 943, 0, 7, 6, 1]
  58  8 [0, 943, 0, 8, 6, 1]                ('addi', 4, 1, 4)    [0, 943, 0, 8, 7, 1]
  59  9 [0, 943, 0, 9, 7, 1]                ('gtrr', 4, 1, 2)    [0, 943, 0, 9, 7, 1]
  60 10 [0, 943, 0, 10, 7, 1]               ('addr', 3, 2, 3)    [0, 943, 0, 10, 7, 1]
  61 11 [0, 943, 0, 11, 7, 1]               ('seti', 2, 3, 3)    [0, 943, 0, 2, 7, 1]
  62  3 [0, 943, 0, 3, 7, 1]                ('mulr', 5, 4, 2)    [0, 943, 7, 3, 7, 1]
  63  4 [0, 943, 7, 4, 7, 1]                ('eqrr', 2, 1, 2)    [0, 943, 0, 4, 7, 1]

7117757 11 [1008, 943, 0, 11, 942, 943]        ('seti', 2, 3, 3)    [1008, 943, 0, 2, 942, 943]
7117758  3 [1008, 943, 0, 3, 942, 943]         ('mulr', 5, 4, 2)    [1008, 943, 888306, 3, 942, 943]
7117759  4 [1008, 943, 888306, 4, 942, 943]    ('eqrr', 2, 1, 2)    [1008, 943, 0, 4, 942, 943]
7117760  5 [1008, 943, 0, 5, 942, 943]         ('addr', 2, 3, 3)    [1008, 943, 0, 5, 942, 943]
7117761  6 [1008, 943, 0, 6, 942, 943]         ('addi', 3, 1, 3)    [1008, 943, 0, 7, 942, 943]
7117762  8 [1008, 943, 0, 8, 942, 943]         ('addi', 4, 1, 4)    [1008, 943, 0, 8, 943, 943]
7117763  9 [1008, 943, 0, 9, 943, 943]         ('gtrr', 4, 1, 2)    [1008, 943, 0, 9, 943, 943]
7117764 10 [1008, 943, 0, 10, 943, 943]        ('addr', 3, 2, 3)    [1008, 943, 0, 10, 943, 943]
7117765 11 [1008, 943, 0, 11, 943, 943]        ('seti', 2, 3, 3)    [1008, 943, 0, 2, 943, 943]
7117766  3 [1008, 943, 0, 3, 943, 943]         ('mulr', 5, 4, 2)    [1008, 943, 889249, 3, 943, 943]
7117767  4 [1008, 943, 889249, 4, 943, 943]    ('eqrr', 2, 1, 2)    [1008, 943, 0, 4, 943, 943]
7117768  5 [1008, 943, 0, 5, 943, 943]         ('addr', 2, 3, 3)    [1008, 943, 0, 5, 943, 943]
7117769  6 [1008, 943, 0, 6, 943, 943]         ('addi', 3, 1, 3)    [1008, 943, 0, 7, 943, 943]
7117770  8 [1008, 943, 0, 8, 943, 943]         ('addi', 4, 1, 4)    [1008, 943, 0, 8, 944, 943]
7117771  9 [1008, 943, 0, 9, 944, 943]         ('gtrr', 4, 1, 2)    [1008, 943, 1, 9, 944, 943]
7117772 10 [1008, 943, 1, 10, 944, 943]        ('addr', 3, 2, 3)    [1008, 943, 1, 11, 944, 943]
7117773 12 [1008, 943, 1, 12, 944, 943]        ('addi', 5, 1, 5)    [1008, 943, 1, 12, 944, 944]
7117774 13 [1008, 943, 1, 13, 944, 944]        ('gtrr', 5, 1, 2)    [1008, 943, 1, 13, 944, 944]
7117775 14 [1008, 943, 1, 14, 944, 944]        ('addr', 2, 3, 3)    [1008, 943, 1, 15, 944, 944]
7117776 16 [1008, 943, 1, 16, 944, 944]        ('mulr', 3, 3, 3)    [1008, 943, 1, 256, 944, 944]


   1  0 [1, 0, 0, 0, 0, 0]                  ('addi', 3, 16, 3)   [1, 0, 0, 16, 0, 0]
   2 17 [1, 0, 0, 17, 0, 0]                 ('addi', 1, 2, 1)    [1, 2, 0, 17, 0, 0]
   3 18 [1, 2, 0, 18, 0, 0]                 ('mulr', 1, 1, 1)    [1, 4, 0, 18, 0, 0]
   4 19 [1, 4, 0, 19, 0, 0]                 ('mulr', 3, 1, 1)    [1, 76, 0, 19, 0, 0]
   5 20 [1, 76, 0, 20, 0, 0]                ('muli', 1, 11, 1)   [1, 836, 0, 20, 0, 0]
   6 21 [1, 836, 0, 21, 0, 0]               ('addi', 2, 4, 2)    [1, 836, 4, 21, 0, 0]
   7 22 [1, 836, 4, 22, 0, 0]               ('mulr', 2, 3, 2)    [1, 836, 88, 22, 0, 0]
   8 23 [1, 836, 88, 23, 0, 0]              ('addi', 2, 19, 2)   [1, 836, 107, 23, 0, 0]
   9 24 [1, 836, 107, 24, 0, 0]             ('addr', 1, 2, 1)    [1, 943, 107, 24, 0, 0]
  10 25 [1, 943, 107, 25, 0, 0]             ('addr', 3, 0, 3)    [1, 943, 107, 26, 0, 0]
  11 27 [1, 943, 107, 27, 0, 0]             ('setr', 3, 2, 2)    [1, 943, 27, 27, 0, 0]
  12 28 [1, 943, 27, 28, 0, 0]              ('mulr', 2, 3, 2)    [1, 943, 756, 28, 0, 0]
  13 29 [1, 943, 756, 29, 0, 0]             ('addr', 3, 2, 2)    [1, 943, 785, 29, 0, 0]
  14 30 [1, 943, 785, 30, 0, 0]             ('mulr', 3, 2, 2)    [1, 943, 23550, 30, 0, 0]
  15 31 [1, 943, 23550, 31, 0, 0]           ('muli', 2, 14, 2)   [1, 943, 329700, 31, 0, 0]
  16 32 [1, 943, 329700, 32, 0, 0]          ('mulr', 2, 3, 2)    [1, 943, 10550400, 32, 0, 0]
  17 33 [1, 943, 10550400, 33, 0, 0]        ('addr', 1, 2, 1)    [1, 10551343, 10550400, 33, 0, 0]
  18 34 [1, 10551343, 10550400, 34, 0, 0]   ('seti', 0, 1, 0)    [0, 10551343, 10550400, 34, 0, 0]
  19 35 [0, 10551343, 10550400, 35, 0, 0]   ('seti', 0, 5, 3)    [0, 10551343, 10550400, 0, 0, 0]
  20  1 [0, 10551343, 10550400, 1, 0, 0]    ('seti', 1, 8, 5)    [0, 10551343, 10550400, 1, 0, 1]
  21  2 [0, 10551343, 10550400, 2, 0, 1]    ('seti', 1, 0, 4)    [0, 10551343, 10550400, 2, 1, 1]
  22  3 [0, 10551343, 10550400, 3, 1, 1]    ('mulr', 5, 4, 2)    [0, 10551343, 1, 3, 1, 1]
  23  4 [0, 10551343, 1, 4, 1, 1]           ('eqrr', 2, 1, 2)    [0, 10551343, 0, 4, 1, 1]
  24  5 [0, 10551343, 0, 5, 1, 1]           ('addr', 2, 3, 3)    [0, 10551343, 0, 5, 1, 1]
  25  6 [0, 10551343, 0, 6, 1, 1]           ('addi', 3, 1, 3)    [0, 10551343, 0, 7, 1, 1]
  26  8 [0, 10551343, 0, 8, 1, 1]           ('addi', 4, 1, 4)    [0, 10551343, 0, 8, 2, 1]
  27  9 [0, 10551343, 0, 9, 2, 1]           ('gtrr', 4, 1, 2)    [0, 10551343, 0, 9, 2, 1]
  28 10 [0, 10551343, 0, 10, 2, 1]          ('addr', 3, 2, 3)    [0, 10551343, 0, 10, 2, 1]
  29 11 [0, 10551343, 0, 11, 2, 1]          ('seti', 2, 3, 3)    [0, 10551343, 0, 2, 2, 1]
  30  3 [0, 10551343, 0, 3, 2, 1]           ('mulr', 5, 4, 2)    [0, 10551343, 2, 3, 2, 1]
  31  4 [0, 10551343, 2, 4, 2, 1]           ('eqrr', 2, 1, 2)    [0, 10551343, 0, 4, 2, 1]
  32  5 [0, 10551343, 0, 5, 2, 1]           ('addr', 2, 3, 3)    [0, 10551343, 0, 5, 2, 1]
  33  6 [0, 10551343, 0, 6, 2, 1]           ('addi', 3, 1, 3)    [0, 10551343, 0, 7, 2, 1]
  34  8 [0, 10551343, 0, 8, 2, 1]           ('addi', 4, 1, 4)    [0, 10551343, 0, 8, 3, 1]
  35  9 [0, 10551343, 0, 9, 3, 1]           ('gtrr', 4, 1, 2)    [0, 10551343, 0, 9, 3, 1]
  36 10 [0, 10551343, 0, 10, 3, 1]          ('addr', 3, 2, 3)    [0, 10551343, 0, 10, 3, 1]
  37 11 [0, 10551343, 0, 11, 3, 1]          ('seti', 2, 3, 3)    [0, 10551343, 0, 2, 3, 1]
  38  3 [0, 10551343, 0, 3, 3, 1]           ('mulr', 5, 4, 2)    [0, 10551343, 3, 3, 3, 1]
  39  4 [0, 10551343, 3, 4, 3, 1]           ('eqrr', 2, 1, 2)    [0, 10551343, 0, 4, 3, 1]
  40  5 [0, 10551343, 0, 5, 3, 1]           ('addr', 2, 3, 3)    [0, 10551343, 0, 5, 3, 1]
  41  6 [0, 10551343, 0, 6, 3, 1]           ('addi', 3, 1, 3)    [0, 10551343, 0, 7, 3, 1]
  42  8 [0, 10551343, 0, 8, 3, 1]           ('addi', 4, 1, 4)    [0, 10551343, 0, 8, 4, 1]
  43  9 [0, 10551343, 0, 9, 4, 1]           ('gtrr', 4, 1, 2)    [0, 10551343, 0, 9, 4, 1]
  44 10 [0, 10551343, 0, 10, 4, 1]          ('addr', 3, 2, 3)    [0, 10551343, 0, 10, 4, 1]
  45 11 [0, 10551343, 0, 11, 4, 1]          ('seti', 2, 3, 3)    [0, 10551343, 0, 2, 4, 1]
  46  3 [0, 10551343, 0, 3, 4, 1]           ('mulr', 5, 4, 2)    [0, 10551343, 4, 3, 4, 1]
  47  4 [0, 10551343, 4, 4, 4, 1]           ('eqrr', 2, 1, 2)    [0, 10551343, 0, 4, 4, 1]
  48  5 [0, 10551343, 0, 5, 4, 1]           ('addr', 2, 3, 3)    [0, 10551343, 0, 5, 4, 1]
  49  6 [0, 10551343, 0, 6, 4, 1]           ('addi', 3, 1, 3)    [0, 10551343, 0, 7, 4, 1]
  50  8 [0, 10551343, 0, 8, 4, 1]           ('addi', 4, 1, 4)    [0, 10551343, 0, 8, 5, 1]
  51  9 [0, 10551343, 0, 9, 5, 1]           ('gtrr', 4, 1, 2)    [0, 10551343, 0, 9, 5, 1]
  52 10 [0, 10551343, 0, 10, 5, 1]          ('addr', 3, 2, 3)    [0, 10551343, 0, 10, 5, 1]
  53 11 [0, 10551343, 0, 11, 5, 1]          ('seti', 2, 3, 3)    [0, 10551343, 0, 2, 5, 1]
  54  3 [0, 10551343, 0, 3, 5, 1]           ('mulr', 5, 4, 2)    [0, 10551343, 5, 3, 5, 1]
  55  4 [0, 10551343, 5, 4, 5, 1]           ('eqrr', 2, 1, 2)    [0, 10551343, 0, 4, 5, 1]
  56  5 [0, 10551343, 0, 5, 5, 1]           ('addr', 2, 3, 3)    [0, 10551343, 0, 5, 5, 1]
  57  6 [0, 10551343, 0, 6, 5, 1]           ('addi', 3, 1, 3)    [0, 10551343, 0, 7, 5, 1]
  58  8 [0, 10551343, 0, 8, 5, 1]           ('addi', 4, 1, 4)    [0, 10551343, 0, 8, 6, 1]
  
  