10000 1769860051
20000 3539706530
30000 5309562013
40000 7079403116
50000 8849251450
60000 10619103461
70000 12388887772
80000 14158735373
90000 15928578163
100000 17698434233
110000 19468281151
120000 21238132214
130000 23007977803
140000 24777761537
150000 26547612859
160000 28317459227
170000 30087309415
180000 31857152420
190000 33627006613
200000 35396851826
210000 37166634442
220000 38936487785
230000 40706335177
240000 42476182949
250000 44246031733
260000 46015882796
270000 47785720396
280000 49555507736
290000 51325359214
300000 53095210781
310000 54865056526
320000 56634905579
330000 58404755641
340000 60174606746
350000 61944387286
360000 63714231833
370000 65484082021
380000 67253934419
390000 69023779789
400000 70793630648
410000 72563479873
420000 74333263748
430000 76103107549
440000 77872962743
450000 79642804999
460000 81412655684
470000 83182503841
480000 84952354370
490000 86722138126
500000 88491984233
510000 90261835513
520000 92031681746
530000 93801536629
540000 95571374258
550000 97341225523
560000 99111011660
570000 100880864443
580000 102650710217
590000 104420553286
600000 106190409020
610000 107960254246
620000 109730106629
630000 111499880557
640000 113269735304
650000 115039585249
660000 116809433627
670000 118579281856
680000 120349126793
690000 122118982876
700000 123888758660
710000 125658610450
720000 127428457541
730000 129198309532
740000 130968156176
750000 132738008092
760000 134507857061
770000 136277636695
780000 138047484251
790000 139817334838
800000 141587184899
810000 143357027365
820000 145126878947
830000 146896730485
840000 148666510148
850000 150436362604
860000 152206206881
870000 153976058248
880000 155745907217
890000 157515754804
900000 159285599633
910000 161055383257
920000 162825238295
930000 164595082618
940000 166364936459
950000 168134780656
960000 169904631548
970000 171674477575
980000 173444262326
990000 175214110729
1000000 176983957529
1010000 178753809208
1020000 180523655666
1030000 182293509301
1040000 184063355639
1050000 185833134865
1060000 187602986318
1070000 189372838309
1080000 191142680648
1090000 192912527722
1100000 194682383093
1110000 196452229240
1120000 198222009326
1130000 199991859742
1140000 201761711486
1150000 203531561050
1160000 205301408384
1170000 207071253607
1180000 208841100866
1190000 210610887583
1200000 212380737044
1210000 214150585450
1220000 215920432352
1230000 217690284187
1240000 219460129331
1250000 221229981655
1260000 222999755819
1270000 224769610627
1280000 226539457004
1290000 228309309328
1300000 230079157808
1310000 231849005830
1320000 233618853512
1330000 235388637853
1340000 237158486216
1350000 238928329267
1360000 240698181458
1370000 242468031646
1380000 244237883147
1390000 246007728343
1400000 247777512344
1410000 249547359862
1420000 251317213607
1430000 253087056781
1440000 254856903005
1450000 256626754402
1460000 258396606095
1470000 260166385234
1480000 261936238370
1490000 263706085606
1500000 265475933702
1510000 267245782525
1520000 269015629925
1530000 270785475199
1540000 272555262050
1550000 274325110147
1560000 276094961699
1570000 277864811485
1580000 279634659722
1590000 281404502377
1600000 283174356500
1610000 284944138063
1620000 286713982484
1630000 288483832984
1640000 290253684782
1650000 292023534970
1660000 293793381026
1670000 295563230791
1680000 297333010454
1690000 299102861707
1700000 300872709545
1710000 302642556370
1720000 304412406878
1730000 306182258281
1740000 307952104637
1750000 309721884655
1760000 311491735493
1770000 313261586956
1780000 315031432805
1790000 316801284262
1800000 318571129262
1810000 320340979747
1820000 322110758441
1830000 323880615406
1840000 325650460949
1850000 327420308467
1860000 329190155660
1870000 330960004600
1880000 332729857139
1890000 334499627389
1900000 336269485853
1910000 338039332414
1920000 339809188097
1930000 341579029081
1940000 343348877741
1950000 345118729657
1960000 346888513352
1970000 348658361257
1980000 350428204166
1990000 352198060354
2000000 353967906857
2010000 355737758743
2020000 357507604139
2030000 359277387643
2040000 361047239165
2050000 362817086068
2060000 364586935862
2070000 366356777800
2080000 368126632742
2090000 369896477266
2100000 371666261000
2110000 373436113891
2120000 375205961594
2130000 376975808758
2140000 378745658180
2150000 380515508962
2160000 382285346369
2170000 384055133797
2180000 385824985253
2190000 387594837310
2200000 389364683240
2210000 391134531619
2220000 392904381680
2230000 394674232489
2240000 396444013103
2250000 398213857495
2260000 399983708336
2270000 401753560081
2280000 403523406503
2290000 405293256637
2300000 407063106758
2310000 408832889194
2320000 410602733255
2330000 412372588516
2340000 414142431647
2350000 415912281724
2360000 417682130015
2370000 419451980047
2380000 421221763832
2390000 422991610252
2400000 424761462449
2410000 426531308416
2420000 428301163565
2430000 430071001099
2440000 431840851229
2450000 433610637478
2460000 435380491061
2470000 437150335471
2480000 438920179577
2490000 440690034853
2500000 442459880264
2510000 444229732462
2520000 445999506470
2530000 447769360981
2540000 449539211096
2550000 451309059304
2560000 453078907703
2570000 454848752767
2580000 456618608138
2590000 458388385501
2600000 460158236912
2610000 461928083425
2620000 463697935727
2630000 465467782564
2640000 467237634095
2650000 469007482723
2660000 470777262839
2670000 472547110669
2680000 474316960856
2690000 476086811058
2700000 477856653515
2710000 479626504624
2720000 481396356035
2730000 483166136233
2740000 484935989318
2750000 486705833098
2760000 488475684065
2770000 490245533079
2780000 492015380243
2790000 493785226096
2800000 495555009386
2810000 497324864647
2820000 499094708480
2830000 500864562136
2840000 502634407370
2850000 504404257291
2860000 506174104022
2870000 507943888714
2880000 509713736888
2890000 511483583650
2900000 513253435574
2910000 515023282048
2920000 516793135718
2930000 518562981835
2940000 520332760727
2950000 522102612448
2960000 523872463859
2970000 525642306703
2980000 527412153947
2990000 529182009133
3000000 530951855702
3010000 532721635558
3020000 534491485448
3030000 536261337193
3040000 538031186942
3050000 539801034661
3060000 541570880210
3070000 543340726684
3080000 545110513466
3090000 546880362343
3100000 548650211312
3110000 550420058851
3120000 552189910115
3130000 553959755704
3140000 555729607805
3150000 557499382348
3160000 559269237200
3170000 561039082792
3180000 562808935034
3190000 564578783847
3200000 566348631989
3210000 568118480575
3220000 569888263715
3230000 571658112219
3240000 573427954817
3250000 575197807468
3260000 576967657961
3270000 578737510002
3280000 580507354961
3290000 582277137865
3300000 584046985901
3310000 585816839847
3320000 587586682346
3330000 589356529171
3340000 591126380078
3350000 592896232254
3360000 594666011474
3370000 596435864854
3380000 598205711690
3390000 599975559786
3400000 601745408231
3410000 603515256327
3420000 605285101283
3430000 607054888312
3440000 608824736180
3450000 610594587265
3460000 612364437569
3470000 614134286451
3480000 615904129091
3490000 617673983214
3500000 619443763835
3510000 621213608458
3520000 622983458987
3530000 624753310903
3540000 626523161261
3550000 628293007600
3560000 630062856965
3570000 631832636872
3580000 633602488013
3590000 635372335741
3600000 637142182187
3610000 638912032087
3620000 640681884728
3630000 642451730299
3640000 644221510835
3650000 645991361059
3660000 647761213115
3670000 649531058823
3680000 651300909923
3690000 653070755146
3700000 654840606143
3710000 656610384814
3720000 658380241112
3730000 660150087108
3740000 661919934314
3750000 663689781634
3760000 665459631056
3770000 667229483379
3780000 668999253362
3790000 670769112085
3800000 672538958432
3810000 674308814100
3820000 676078655195
3830000 677848503418
3840000 679618355363
3850000 681388139688
3860000 683157987971
3870000 684927829909
3880000 686697686690
3890000 688467533481
3900000 690237384761
3910000 692007230001
3920000 693777013661
3930000 695546864871
3940000 697316711507
3950000 699086561568
3960000 700856404655
3970000 702626259033
3980000 704396103980
3990000 706165886913
4000000 707935740332
4010000 709705587612
4020000 711475434917
4030000 713245283886
4040000 715015135424
4050000 716784972787
4060000 718554760178
4070000 720324611856
4080000 722094462860
4090000 723864308806
4100000 725634157880
4110000 727404007995
4120000 729173858618
4130000 730943639706
4140000 732713483735
4150000 734483333590
4160000 736253185943
4170000 738023032431
4180000 739792883195
4190000 741562732671
4200000 743332516205
4210000 745102359792
4220000 746872214822
4230000 748642057456
4240000 750411908009
4250000 752181756210
4260000 753951605753
4270000 755721390057
4280000 757491236291
4290000 759261088000
4300000 761030934434
4310000 762800789427
4320000 764570626382
4330000 766340477335
4340000 768110264117
4350000 769880116908
4360000 771649962104
4370000 773419805928
4380000 775189661345
4390000 776959506666
4400000 778729358909
4410000 780499132303
4420000 782268987740
4430000 784038837513
4440000 785808685982
4450000 787578534795
4460000 789348379184
4470000 791118234585
4480000 792888010784
4490000 794657863041
4500000 796427709443
4510000 798197561790
4520000 799967408456
4530000 801737259801
4540000 803507109497
4550000 805276888782
4560000 807046736597
4570000 808816586991
4580000 810586437179
4590000 812356279867
4600000 814126131071
4610000 815895983061
4620000 817665762251
4630000 819435615402
4640000 821205459182
4650000 822975310512
4660000 824745159341
4670000 826515007179
4680000 828284851646
4690000 830054635848
4700000 831824491049
4710000 833594335083
4720000 835364188205
4730000 837134033076
4740000 838903883450
4750000 840673730232
4760000 842443514954
4770000 844213362957
4780000 845983209830
4790000 847753061451
4800000 849522908213
4810000 851292761943
4820000 853062607526
4830000 854832387300
4840000 856602238532
4850000 858372090240
4860000 860141932838
4870000 861911779920
4880000 863681635247
4890000 865451481882
4900000 867221261732
4910000 868991112006
4920000 870760963454
4930000 872530813203
4940000 874300661153
4950000 876070506561
4960000 877840353191
4970000 879610140336
4980000 881379988649
4990000 883149837618
5000000 884919684965
5010000 886689536688
5020000 888459381410
5030000 890229234297
5040000 891999008054
5050000 893768863158
5060000 895538709395
5070000 897308561340
5080000 899078409413
5090000 900848258406
5100000 902618106266
5110000 904387890273
5120000 906157738340
5130000 907927581013
5140000 909697433360
5150000 911467283889
5160000 913237135604
5170000 915006980808
5180000 916776764579
5190000 918546612348
5200000 920316465953
5210000 922086308793
5220000 923856154766
5230000 925626005970
5240000 927395858531
5250000 929165638032
5260000 930935490716
5270000 932705338137
5280000 934475185448
5290000 936245034804
5300000 938014881893
5310000 939784727301
5320000 941554514285
5330000 943324362366
5340000 945094213823
5350000 946864064172
5360000 948633912269
5370000 950403755064
5380000 952173609002
5390000 953943390549
5400000 955713234164
5410000 957483085146
5420000 959252936750
5430000 961022787123
5440000 962792633447
5450000 964562483412
5460000 966332262689
5470000 968102113875
5480000 969871961447
5490000 971641808901
5500000 973411658846
5510000 975181510746
5520000 976951356857
5530000 978721137549
5540000 980490987254
5550000 982260839043
5560000 984030685085
5570000 985800536496
5580000 987570381275
5590000 989340232701
5600000 991110011054
5610000 992879868138
5620000 994649712629
5630000 996419560464
5640000 998189408051
5650000 999959256843
1000000152770
5650231